0.00130897 0.999997 0.0022672 -12.6006
-0.499998 0.00261794 -0.866022 128.558
-0.866025 0 0.5 -0.169866
0 0 0 1
0.00130897 0.999997 0.0022672 -12.7152
-0.499998 0.00261794 -0.866022 126.53
-0.866025 0 0.5 -0.169866
0 0 0 1
0.00130897 0.999997 0.0022672 -12.7821
-0.499998 0.00261794 -0.866022 123.803
-0.866025 0 0.5 -0.179866
0 0 0 1
0.00130897 0.999997 0.0022672 -12.8007
-0.499998 0.00261794 -0.866022 121.292
-0.866025 0 0.5 -0.190866
0 0 0 1
0.00130897 0.999997 0.0022672 -12.8052
-0.499998 0.00261794 -0.866022 118.869
-0.866025 0 0.5 -0.164866
0 0 0 1
0.00130897 0.999997 0.0022672 -12.785
-0.499998 0.00261794 -0.866022 116.654
-0.866025 0 0.5 -0.174866
0 0 0 1
0.00130897 0.999997 0.0022672 -12.7163
-0.499998 0.00261794 -0.866022 114.189
-0.866025 0 0.5 -0.178866
0 0 0 1
0.00130897 0.999997 0.0022672 -12.6946
-0.499998 0.00261794 -0.866022 111.641
-0.866025 0 0.5 -0.189866
0 0 0 1
0.00131292 0.999997 0.00226491 -12.8097
-0.501509 0.00261794 -0.865148 109.105
-0.865151 0 0.501511 -0.194866
0 0 0 1
0.00131292 0.999997 0.00226491 -12.966
-0.501509 0.00261794 -0.865148 106.544
-0.865151 0 0.501511 -0.246866
0 0 0 1
0.00131292 0.999997 0.00226491 -12.9951
-0.501509 0.00261794 -0.865148 104.089
-0.865151 0 0.501511 -0.210866
0 0 0 1
0.00131292 0.999997 0.00226491 -13.0066
-0.501509 0.00261794 -0.865148 101.906
-0.865151 0 0.501511 -0.196866
0 0 0 1
0.00130897 0.999997 0.0022672 -12.9981
-0.499998 0.00261794 -0.866022 100.729
-0.866025 0 0.5 -0.214866
0 0 0 1
0.00131292 0.999997 0.00226491 -12.9983
-0.501509 0.00261794 -0.865148 98.0455
-0.865151 0 0.501511 -0.162866
0 0 0 1
0.00131292 0.999997 0.00226491 -13.1366
-0.501509 0.00261794 -0.865148 95.5304
-0.865151 0 0.501511 -0.169866
0 0 0 1
0.00130897 0.999997 0.0022672 -13.0957
-0.499998 0.00261794 -0.866022 93.0154
-0.866025 0 0.5 -0.181866
0 0 0 1
0.00131292 0.999997 0.00226491 -13.1418
-0.501509 0.00261794 -0.865148 90.636
-0.865151 0 0.501511 -0.165866
0 0 0 1
0.00131292 0.999997 0.00226491 -13.185
-0.501509 0.00261794 -0.865148 88.2427
-0.865151 0 0.501511 -0.168866
0 0 0 1
0.00131292 0.999997 0.00226491 -13.1904
-0.501509 0.00261794 -0.865148 85.7793
-0.865151 0 0.501511 -0.172866
0 0 0 1
0.00131292 0.999997 0.00226491 -13.2144
-0.501509 0.00261794 -0.865148 83.2932
-0.865151 0 0.501511 -0.172866
0 0 0 1
0.00130897 0.999997 0.0022672 -13.1533
-0.499998 0.00261794 -0.866022 80.7495
-0.866025 0 0.5 -0.219866
0 0 0 1
0.00131292 0.999997 0.00226491 -13.2299
-0.501509 0.00261794 -0.865148 78.2015
-0.865151 0 0.501511 -0.186866
0 0 0 1
0.00131292 0.999997 0.00226491 -13.3218
-0.501509 0.00261794 -0.865148 75.7698
-0.865151 0 0.501511 -0.168866
0 0 0 1
0.00131292 0.999997 0.00226491 -13.3937
-0.501509 0.00261794 -0.865148 73.3162
-0.865151 0 0.501511 -0.164866
0 0 0 1
0.00130897 0.999997 0.0022672 -13.4312
-0.499998 0.00261794 -0.866022 71.9284
-0.866025 0 0.5 -0.149866
0 0 0 1
0.00131292 0.999997 0.00226491 -12.1867
-0.501509 0.00261794 -0.865148 71.6917
-0.865151 0 0.501511 -0.172866
0 0 0 1
0.00130897 0.999997 0.0022672 -9.55212
-0.499998 0.00261794 -0.866022 70.9786
-0.866025 0 0.5 -0.150866
0 0 0 1
0.00130897 0.999997 0.0022672 -7.12893
-0.499998 0.00261794 -0.866022 70.0722
-0.866025 0 0.5 -0.154866
0 0 0 1
0.00130897 0.999997 0.0022672 -4.8772
-0.499998 0.00261794 -0.866022 69.1954
-0.866025 0 0.5 -0.163866
0 0 0 1
0.00131292 0.999997 0.00226491 -2.48067
-0.501509 0.00261794 -0.865148 68.2932
-0.865151 0 0.501511 -0.165866
0 0 0 1
0.00131292 0.999997 0.00226491 -0.94992
-0.501509 0.00261794 -0.865148 67.7344
-0.865151 0 0.501511 -0.161866
0 0 0 1
0.00130897 0.999997 0.0022672 -1.11339
-0.499998 0.00261794 -0.866022 68.8932
-0.866025 0 0.5 -0.131866
0 0 0 1
0.00131292 0.999997 0.00226491 -1.3154
-0.501509 0.00261794 -0.865148 71.9239
-0.865151 0 0.501511 -0.158866
0 0 0 1
0.00131292 0.999997 0.00226491 -1.25714
-0.501509 0.00261794 -0.865148 74.4369
-0.865151 0 0.501511 -0.162866
0 0 0 1
0.00131292 0.999997 0.00226491 -1.22539
-0.501509 0.00261794 -0.865148 76.7444
-0.865151 0 0.501511 -0.187866
0 0 0 1
0.00130897 0.999997 0.0022672 -1.2627
-0.499998 0.00261794 -0.866022 79.2809
-0.866025 0 0.5 -0.180866
0 0 0 1
0.00131292 0.999997 0.00226491 -1.18133
-0.501509 0.00261794 -0.865148 81.7177
-0.865151 0 0.501511 -0.168866
0 0 0 1
0.00130897 0.999997 0.0022672 -1.27049
-0.499998 0.00261794 -0.866022 84.3205
-0.866025 0 0.5 -0.176866
0 0 0 1
0.00131292 0.999997 0.00226491 -1.22864
-0.501509 0.00261794 -0.865148 86.7707
-0.865151 0 0.501511 -0.155866
0 0 0 1
0.00131292 0.999997 0.00226491 -1.09633
-0.501509 0.00261794 -0.865148 89.1685
-0.865151 0 0.501511 -0.166866
0 0 0 1
0.00131292 0.999997 0.00226491 -1.08613
-0.501509 0.00261794 -0.865148 91.6725
-0.865151 0 0.501511 -0.170866
0 0 0 1
0.00131292 0.999997 0.00226491 -1.13156
-0.501509 0.00261794 -0.865148 94.1558
-0.865151 0 0.501511 -0.180866
0 0 0 1
0.00130897 0.999997 0.0022672 -1.04668
-0.499998 0.00261794 -0.866022 96.6541
-0.866025 0 0.5 -0.159866
0 0 0 1
0.00130897 0.999997 0.0022672 -1.02242
-0.499998 0.00261794 -0.866022 98.3612
-0.866025 0 0.5 -0.177866
0 0 0 1
0.00131292 0.999997 0.00226491 -1.04246
-0.501509 0.00261794 -0.865148 99.496
-0.865151 0 0.501511 -0.158866
0 0 0 1
0.00131292 0.999997 0.00226491 -1.02434
-0.501509 0.00261794 -0.865148 101.938
-0.865151 0 0.501511 -0.149866
0 0 0 1
0.00131292 0.999997 0.00226491 -1.00195
-0.501509 0.00261794 -0.865148 104.448
-0.865151 0 0.501511 -0.159866
0 0 0 1
0.00131292 0.999997 0.00226491 -0.93783
-0.501509 0.00261794 -0.865148 106.994
-0.865151 0 0.501511 -0.161866
0 0 0 1
0.00130897 0.999997 0.0022672 -0.887628
-0.499998 0.00261794 -0.866022 109.426
-0.866025 0 0.5 -0.131866
0 0 0 1
0.00130897 0.999997 0.0022672 -0.83171
-0.499998 0.00261794 -0.866022 111.994
-0.866025 0 0.5 -0.139866
0 0 0 1
0.00130897 0.999997 0.0022672 -0.77234
-0.499998 0.00261794 -0.866022 114.512
-0.866025 0 0.5 -0.176866
0 0 0 1
0.00131292 0.999997 0.00226491 -0.771772
-0.501509 0.00261794 -0.865148 116.972
-0.865151 0 0.501511 -0.154866
0 0 0 1
0.00130897 0.999997 0.0022672 -0.72344
-0.499998 0.00261794 -0.866022 119.431
-0.866025 0 0.5 -0.154866
0 0 0 1
0.00131292 0.999997 0.00226491 -0.66553
-0.501509 0.00261794 -0.865148 121.968
-0.865151 0 0.501511 -0.153866
0 0 0 1
0.00131292 0.999997 0.00226491 -0.591111
-0.501509 0.00261794 -0.865148 124.348
-0.865151 0 0.501511 -0.172866
0 0 0 1
0.00130897 0.999997 0.0022672 -0.561215
-0.499998 0.00261794 -0.866022 126.81
-0.866025 0 0.5 -0.168866
0 0 0 1
0.00131292 0.999997 0.00226491 -0.578684
-0.501509 0.00261794 -0.865148 129.239
-0.865151 0 0.501511 -0.172866
0 0 0 1
0.00130897 0.999997 0.0022672 -0.547877
-0.499998 0.00261794 -0.866022 131.755
-0.866025 0 0.5 -0.150866
0 0 0 1
0.00130897 0.999997 0.0022672 -0.530596
-0.499998 0.00261794 -0.866022 134.255
-0.866025 0 0.5 -0.158866
0 0 0 1
0.00131292 0.999997 0.00226491 -0.427192
-0.501509 0.00261794 -0.865148 136.764
-0.865151 0 0.501511 -0.173866
0 0 0 1
0.00131292 0.999997 0.00226491 -0.362297
-0.501509 0.00261794 -0.865148 139.246
-0.865151 0 0.501511 -0.163866
0 0 0 1
0.00131292 0.999997 0.00226491 -0.385832
-0.501509 0.00261794 -0.865148 141.64
-0.865151 0 0.501511 -0.174866
0 0 0 1
0.00131292 0.999997 0.00226491 -0.378763
-0.501509 0.00261794 -0.865148 144.103
-0.865151 0 0.501511 -0.151866
0 0 0 1
0.00131292 0.999997 0.00226491 -0.392306
-0.501509 0.00261794 -0.865148 146.707
-0.865151 0 0.501511 -0.132866
0 0 0 1
0.00130897 0.999997 0.0022672 -0.324418
-0.499998 0.00261794 -0.866022 148.999
-0.866025 0 0.5 -0.126866
0 0 0 1
0.00130897 0.999997 0.0022672 -0.285693
-0.499998 0.00261794 -0.866022 151.554
-0.866025 0 0.5 -0.128866
0 0 0 1
0.00130897 0.999997 0.0022672 -0.235478
-0.499998 0.00261794 -0.866022 154.201
-0.866025 0 0.5 -0.116866
0 0 0 1
0.00131292 0.999997 0.00226491 -0.121275
-0.501509 0.00261794 -0.865148 156.733
-0.865151 0 0.501511 -0.161866
0 0 0 1
0.00131292 0.999997 0.00226491 -0.0593633
-0.501509 0.00261794 -0.865148 158.637
-0.865151 0 0.501511 -0.177866
0 0 0 1
0.00131292 0.999997 0.00226491 -0.0643624
-0.501509 0.00261794 -0.865148 159.715
-0.865151 0 0.501511 -0.180866
0 0 0 1
0.00131292 0.999997 0.00226491 -0.0297205
-0.501509 0.00261794 -0.865148 162.197
-0.865151 0 0.501511 -0.176866
0 0 0 1
0.00130897 0.999997 0.0022672 0.000729329
-0.499998 0.00261794 -0.866022 164.662
-0.866025 0 0.5 -0.157866
0 0 0 1
0.00131292 0.999997 0.00226491 0.0161266
-0.501509 0.00261794 -0.865148 167.169
-0.865151 0 0.501511 -0.150866
0 0 0 1
0.00130897 0.999997 0.0022672 0.0291229
-0.499998 0.00261794 -0.866022 169.677
-0.866025 0 0.5 -0.151866
0 0 0 1
0.00131292 0.999997 0.00226491 0.0442628
-0.501509 0.00261794 -0.865148 172.146
-0.865151 0 0.501511 -0.157866
0 0 0 1
0.00131292 0.999997 0.00226491 0.0657985
-0.501509 0.00261794 -0.865148 174.638
-0.865151 0 0.501511 -0.155866
0 0 0 1
0.00130897 0.999997 0.0022672 0.0960087
-0.499998 0.00261794 -0.866022 177.198
-0.866025 0 0.5 -0.165866
0 0 0 1
0.00131292 0.999997 0.00226491 0.157875
-0.501509 0.00261794 -0.865148 179.616
-0.865151 0 0.501511 -0.194866
0 0 0 1
0.00131292 0.999997 0.00226491 0.18328
-0.501509 0.00261794 -0.865148 182.17
-0.865151 0 0.501511 -0.170866
0 0 0 1
0.00130897 0.999997 0.0022672 0.276923
-0.499998 0.00261794 -0.866022 184.555
-0.866025 0 0.5 -0.140866
0 0 0 1
0.00130897 0.999997 0.0022672 0.306717
-0.499998 0.00261794 -0.866022 187.054
-0.866025 0 0.5 -0.151866
0 0 0 1
0.00131292 0.999997 0.00226491 0.317194
-0.501509 0.00261794 -0.865148 188.524
-0.865151 0 0.501511 -0.173866
0 0 0 1
0.00130897 0.999997 0.0022672 1.36717
-0.499998 0.00261794 -0.866022 187.94
-0.866025 0 0.5 -0.144866
0 0 0 1
0.00130897 0.999997 0.0022672 4.01008
-0.499998 0.00261794 -0.866022 186.64
-0.866025 0 0.5 -0.149866
0 0 0 1
0.00131292 0.999997 0.00226491 6.38254
-0.501509 0.00261794 -0.865148 185.683
-0.865151 0 0.501511 -0.178866
0 0 0 1
0.00131292 0.999997 0.00226491 8.69907
-0.501509 0.00261794 -0.865148 184.841
-0.865151 0 0.501511 -0.160866
0 0 0 1
0.00130897 0.999997 0.0022672 10.9602
-0.499998 0.00261794 -0.866022 183.94
-0.866025 0 0.5 -0.168866
0 0 0 1
0.00131292 0.999997 0.00226491 12.5533
-0.501509 0.00261794 -0.865148 183.312
-0.865151 0 0.501511 -0.180866
0 0 0 1
0.00130897 0.999997 0.0022672 12.449
-0.499998 0.00261794 -0.866022 182.022
-0.866025 0 0.5 -0.141866
0 0 0 1
0.00130897 0.999997 0.0022672 12.1137
-0.499998 0.00261794 -0.866022 179.316
-0.866025 0 0.5 -0.143866
0 0 0 1
0.00130897 0.999997 0.0022672 12.1982
-0.499998 0.00261794 -0.866022 176.836
-0.866025 0 0.5 -0.147866
0 0 0 1
0.00130897 0.999997 0.0022672 12.1496
-0.499998 0.00261794 -0.866022 174.373
-0.866025 0 0.5 -0.151866
0 0 0 1
0.00130897 0.999997 0.0022672 12.0686
-0.499998 0.00261794 -0.866022 171.879
-0.866025 0 0.5 -0.175866
0 0 0 1
0.00131292 0.999997 0.00226491 12.0107
-0.501509 0.00261794 -0.865148 169.408
-0.865151 0 0.501511 -0.184866
0 0 0 1
0.00130897 0.999997 0.0022672 12.0046
-0.499998 0.00261794 -0.866022 166.908
-0.866025 0 0.5 -0.180866
0 0 0 1
0.00130897 0.999997 0.0022672 11.982
-0.499998 0.00261794 -0.866022 164.336
-0.866025 0 0.5 -0.161866
0 0 0 1
0.00131292 0.999997 0.00226491 11.9961
-0.501509 0.00261794 -0.865148 161.849
-0.865151 0 0.501511 -0.154866
0 0 0 1
0.00130897 0.999997 0.0022672 11.9066
-0.499998 0.00261794 -0.866022 159.388
-0.866025 0 0.5 -0.169866
0 0 0 1
0.00130897 0.999997 0.0022672 11.7648
-0.499998 0.00261794 -0.866022 156.872
-0.866025 0 0.5 -0.155866
0 0 0 1
0.00130897 0.999997 0.0022672 11.7707
-0.499998 0.00261794 -0.866022 154.435
-0.866025 0 0.5 -0.142866
0 0 0 1
0.00130897 0.999997 0.0022672 11.8233
-0.499998 0.00261794 -0.866022 153.059
-0.866025 0 0.5 -0.150866
0 0 0 1
0.00131292 0.999997 0.00226491 11.8541
-0.501509 0.00261794 -0.865148 151.877
-0.865151 0 0.501511 -0.149866
0 0 0 1
0.00130897 0.999997 0.0022672 11.7643
-0.499998 0.00261794 -0.866022 149.354
-0.866025 0 0.5 -0.170866
0 0 0 1
0.00130897 0.999997 0.0022672 11.7289
-0.499998 0.00261794 -0.866022 146.829
-0.866025 0 0.5 -0.167866
0 0 0 1
0.00130897 0.999997 0.0022672 11.7141
-0.499998 0.00261794 -0.866022 144.359
-0.866025 0 0.5 -0.165866
0 0 0 1
0.00130897 0.999997 0.0022672 11.6667
-0.499998 0.00261794 -0.866022 141.913
-0.866025 0 0.5 -0.172866
0 0 0 1
0.00130897 0.999997 0.0022672 11.6109
-0.499998 0.00261794 -0.866022 139.432
-0.866025 0 0.5 -0.157866
0 0 0 1
0.00131292 0.999997 0.00226491 11.6032
-0.501509 0.00261794 -0.865148 136.956
-0.865151 0 0.501511 -0.150866
0 0 0 1
0.00131292 0.999997 0.00226491 11.5971
-0.501509 0.00261794 -0.865148 134.518
-0.865151 0 0.501511 -0.151866
0 0 0 1
0.00131292 0.999997 0.00226491 11.5465
-0.501509 0.00261794 -0.865148 132.001
-0.865151 0 0.501511 -0.148866
0 0 0 1
0.00131292 0.999997 0.00226491 11.5456
-0.501509 0.00261794 -0.865148 129.509
-0.865151 0 0.501511 -0.168866
0 0 0 1
0.00130897 0.999997 0.0022672 11.4798
-0.499998 0.00261794 -0.866022 127.05
-0.866025 0 0.5 -0.137866
0 0 0 1
0.00130897 0.999997 0.0022672 11.4459
-0.499998 0.00261794 -0.866022 124.606
-0.866025 0 0.5 -0.141866
0 0 0 1
0.00130897 0.999997 0.0022672 11.4356
-0.499998 0.00261794 -0.866022 122.138
-0.866025 0 0.5 -0.141866
0 0 0 1
0.00131292 0.999997 0.00226491 11.4228
-0.501509 0.00261794 -0.865148 119.593
-0.865151 0 0.501511 -0.133866
0 0 0 1
0.00130897 0.999997 0.0022672 11.3986
-0.499998 0.00261794 -0.866022 117.084
-0.866025 0 0.5 -0.129866
0 0 0 1
0.00131292 0.999997 0.00226491 11.373
-0.501509 0.00261794 -0.865148 114.566
-0.865151 0 0.501511 -0.141866
0 0 0 1
0.00131292 0.999997 0.00226491 11.3256
-0.501509 0.00261794 -0.865148 112.074
-0.865151 0 0.501511 -0.137866
0 0 0 1
0.00131292 0.999997 0.00226491 11.1994
-0.501509 0.00261794 -0.865148 109.641
-0.865151 0 0.501511 -0.124866
0 0 0 1
0.00131292 0.999997 0.00226491 11.1805
-0.501509 0.00261794 -0.865148 107.399
-0.865151 0 0.501511 -0.129866
0 0 0 1
0.00130897 0.999997 0.0022672 11.1172
-0.499998 0.00261794 -0.866022 104.921
-0.866025 0 0.5 -0.145866
0 0 0 1
0.00131292 0.999997 0.00226491 11.0694
-0.501509 0.00261794 -0.865148 102.35
-0.865151 0 0.501511 -0.134866
0 0 0 1
0.00130897 0.999997 0.0022672 10.9975
-0.499998 0.00261794 -0.866022 99.836
-0.866025 0 0.5 -0.176866
0 0 0 1
0.00130897 0.999997 0.0022672 11.041
-0.499998 0.00261794 -0.866022 97.2618
-0.866025 0 0.5 -0.163866
0 0 0 1
0.00131292 0.999997 0.00226491 11.1119
-0.501509 0.00261794 -0.865148 94.7258
-0.865151 0 0.501511 -0.173866
0 0 0 1
0.00130897 0.999997 0.0022672 11.1045
-0.499998 0.00261794 -0.866022 93.2406
-0.866025 0 0.5 -0.138866
0 0 0 1
0.00130897 0.999997 0.0022672 11.0768
-0.499998 0.00261794 -0.866022 92.0442
-0.866025 0 0.5 -0.160866
0 0 0 1
0.00130897 0.999997 0.0022672 10.9191
-0.499998 0.00261794 -0.866022 89.517
-0.866025 0 0.5 -0.163866
0 0 0 1
0.00130897 0.999997 0.0022672 10.9282
-0.499998 0.00261794 -0.866022 86.9791
-0.866025 0 0.5 -0.155866
0 0 0 1
0.00131292 0.999997 0.00226491 10.9882
-0.501509 0.00261794 -0.865148 84.5691
-0.865151 0 0.501511 -0.146866
0 0 0 1
0.00131292 0.999997 0.00226491 11.0694
-0.501509 0.00261794 -0.865148 81.9184
-0.865151 0 0.501511 -0.140866
0 0 0 1
0.00131292 0.999997 0.00226491 10.8138
-0.501509 0.00261794 -0.865148 79.6514
-0.865151 0 0.501511 -0.143866
0 0 0 1
0.00130897 0.999997 0.0022672 10.8469
-0.499998 0.00261794 -0.866022 77.0768
-0.866025 0 0.5 -0.168866
0 0 0 1
0.00131292 0.999997 0.00226491 10.7913
-0.501509 0.00261794 -0.865148 74.5144
-0.865151 0 0.501511 -0.162866
0 0 0 1
0.00131292 0.999997 0.00226491 10.7284
-0.501509 0.00261794 -0.865148 72.044
-0.865151 0 0.501511 -0.147866
0 0 0 1
0.00131292 0.999997 0.00226491 10.6583
-0.501509 0.00261794 -0.865148 69.5393
-0.865151 0 0.501511 -0.159866
0 0 0 1
0.00130897 0.999997 0.0022672 10.5407
-0.499998 0.00261794 -0.866022 66.9358
-0.866025 0 0.5 -0.157866
0 0 0 1
0.00131292 0.999997 0.00226491 10.498
-0.501509 0.00261794 -0.865148 64.5941
-0.865151 0 0.501511 -0.137866
0 0 0 1
0.00131292 0.999997 0.00226491 10.5451
-0.501509 0.00261794 -0.865148 63.2459
-0.865151 0 0.501511 -0.146866
0 0 0 1
0.00131292 0.999997 0.00226491 11.8029
-0.501509 0.00261794 -0.865148 63.0365
-0.865151 0 0.501511 -0.165866
0 0 0 1
0.00130897 0.999997 0.0022672 14.5187
-0.499998 0.00261794 -0.866022 62.4367
-0.866025 0 0.5 -0.138866
0 0 0 1
0.00130897 0.999997 0.0022672 16.8769
-0.499998 0.00261794 -0.866022 61.598
-0.866025 0 0.5 -0.142866
0 0 0 1
0.00131292 0.999997 0.00226491 19.038
-0.501509 0.00261794 -0.865148 60.7493
-0.865151 0 0.501511 -0.144866
0 0 0 1
0.00130897 0.999997 0.0022672 21.4111
-0.499998 0.00261794 -0.866022 59.7448
-0.866025 0 0.5 -0.152866
0 0 0 1
0.00130897 0.999997 0.0022672 22.7956
-0.499998 0.00261794 -0.866022 59.0841
-0.866025 0 0.5 -0.145866
0 0 0 1
0.00130897 0.999997 0.0022672 22.6799
-0.499998 0.00261794 -0.866022 60.1566
-0.866025 0 0.5 -0.134866
0 0 0 1
0.00131292 0.999997 0.00226491 22.434
-0.501509 0.00261794 -0.865148 62.903
-0.865151 0 0.501511 -0.123866
0 0 0 1
0.00130897 0.999997 0.0022672 22.3779
-0.499998 0.00261794 -0.866022 65.5103
-0.866025 0 0.5 -0.108866
0 0 0 1
0.00130897 0.999997 0.0022672 22.5839
-0.499998 0.00261794 -0.866022 68.1556
-0.866025 0 0.5 -0.134866
0 0 0 1
0.00130897 0.999997 0.0022672 22.6449
-0.499998 0.00261794 -0.866022 70.7226
-0.866025 0 0.5 -0.130866
0 0 0 1
0.00130897 0.999997 0.0022672 22.7599
-0.499998 0.00261794 -0.866022 73.1864
-0.866025 0 0.5 -0.134866
0 0 0 1
0.00130897 0.999997 0.0022672 22.6224
-0.499998 0.00261794 -0.866022 75.6565
-0.866025 0 0.5 -0.112866
0 0 0 1
0.00130897 0.999997 0.0022672 22.7393
-0.499998 0.00261794 -0.866022 78.0279
-0.866025 0 0.5 -0.141866
0 0 0 1
0.00130897 0.999997 0.0022672 22.8689
-0.499998 0.00261794 -0.866022 80.4187
-0.866025 0 0.5 -0.143866
0 0 0 1
0.00131292 0.999997 0.00226491 22.9237
-0.501509 0.00261794 -0.865148 82.5878
-0.865151 0 0.501511 -0.122866
0 0 0 1
0.00131292 0.999997 0.00226491 22.9931
-0.501509 0.00261794 -0.865148 85.3147
-0.865151 0 0.501511 -0.118866
0 0 0 1
0.00130897 0.999997 0.0022672 22.9282
-0.499998 0.00261794 -0.866022 87.8812
-0.866025 0 0.5 -0.113866
0 0 0 1
-0.00479964 0.999954 -0.00831321 22.8777
-0.499977 -0.00959927 -0.865985 90.1066
-0.866025 8.67362e-19 0.5 -0.109866
0 0 0 1
-0.00479964 0.999954 -0.00831321 22.9807
-0.499977 -0.00959927 -0.865985 91.2029
-0.866025 8.67362e-19 0.5 -0.132866
0 0 0 1
-0.00479964 0.999954 -0.00831321 23.0192
-0.499977 -0.00959927 -0.865985 93.3905
-0.866025 8.67362e-19 0.5 -0.134866
0 0 0 1
-0.00479964 0.999954 -0.00831321 23.1138
-0.499977 -0.00959927 -0.865985 96.0712
-0.866025 8.67362e-19 0.5 -0.141866
0 0 0 1
-0.00392695 0.999969 -0.00680168 23.0303
-0.499985 -0.0078539 -0.865999 98.4649
-0.866025 -0 0.5 -0.145866
0 0 0 1
-0.00393882 0.999969 -0.00679481 23.113
-0.501495 -0.0078539 -0.865125 100.995
-0.865151 4.33681e-19 0.501511 -0.139866
0 0 0 1
-0.00392695 0.999969 -0.00680168 23.1284
-0.499985 -0.0078539 -0.865999 103.63
-0.866025 -0 0.5 -0.121866
0 0 0 1
-0.00392695 0.999969 -0.00680168 23.2101
-0.499985 -0.0078539 -0.865999 106.014
-0.866025 -0 0.5 -0.136866
0 0 0 1
-0.00392695 0.999969 -0.00680168 23.1531
-0.499985 -0.0078539 -0.865999 108.506
-0.866025 -0 0.5 -0.147866
0 0 0 1
-0.00392695 0.999969 -0.00680168 23.1815
-0.499985 -0.0078539 -0.865999 111.044
-0.866025 -0 0.5 -0.132866
0 0 0 1
-0.00393882 0.999969 -0.00679481 23.2028
-0.501495 -0.0078539 -0.865125 113.659
-0.865151 4.33681e-19 0.501511 -0.127866
0 0 0 1
-0.00392695 0.999969 -0.00680168 23.2499
-0.499985 -0.0078539 -0.865999 116.119
-0.866025 -0 0.5 -0.128866
0 0 0 1
-0.00392695 0.999969 -0.00680168 23.3414
-0.499985 -0.0078539 -0.865999 118.605
-0.866025 -0 0.5 -0.146866
0 0 0 1
-0.00392695 0.999969 -0.00680168 23.4064
-0.499985 -0.0078539 -0.865999 120.837
-0.866025 -0 0.5 -0.149866
0 0 0 1
-0.00393882 0.999969 -0.00679481 23.4193
-0.501495 -0.0078539 -0.865125 123.285
-0.865151 4.33681e-19 0.501511 -0.146866
0 0 0 1
-0.00392695 0.999969 -0.00680168 23.3986
-0.499985 -0.0078539 -0.865999 125.867
-0.866025 -0 0.5 -0.137866
0 0 0 1
-0.00392695 0.999969 -0.00680168 23.4476
-0.499985 -0.0078539 -0.865999 128.353
-0.866025 -0 0.5 -0.125866
0 0 0 1
-0.00393882 0.999969 -0.00679481 23.4151
-0.501495 -0.0078539 -0.865125 130.841
-0.865151 4.33681e-19 0.501511 -0.117866
0 0 0 1
-0.00392695 0.999969 -0.00680168 23.4794
-0.499985 -0.0078539 -0.865999 133.354
-0.866025 -0 0.5 -0.115866
0 0 0 1
-0.00392695 0.999969 -0.00680168 23.5551
-0.499985 -0.0078539 -0.865999 135.983
-0.866025 -0 0.5 -0.140866
0 0 0 1
-0.00392695 0.999969 -0.00680168 23.6264
-0.499985 -0.0078539 -0.865999 138.391
-0.866025 -0 0.5 -0.155866
0 0 0 1
-0.00393882 0.999969 -0.00679481 23.7136
-0.501495 -0.0078539 -0.865125 140.84
-0.865151 4.33681e-19 0.501511 -0.161866
0 0 0 1
-0.00393882 0.999969 -0.00679481 23.7185
-0.501495 -0.0078539 -0.865125 143.343
-0.865151 4.33681e-19 0.501511 -0.145866
0 0 0 1
-0.00392695 0.999969 -0.00680168 23.7265
-0.499985 -0.0078539 -0.865999 145.768
-0.866025 -0 0.5 -0.144866
0 0 0 1
-0.00393882 0.999969 -0.00679481 23.7404
-0.501495 -0.0078539 -0.865125 148.169
-0.865151 4.33681e-19 0.501511 -0.140866
0 0 0 1
-0.00393882 0.999969 -0.00679481 23.7442
-0.501495 -0.0078539 -0.865125 149.216
-0.865151 4.33681e-19 0.501511 -0.155866
0 0 0 1
-0.00393882 0.999969 -0.00679481 23.7708
-0.501495 -0.0078539 -0.865125 150.319
-0.865151 4.33681e-19 0.501511 -0.125866
0 0 0 1
-0.00392695 0.999969 -0.00680168 23.8243
-0.499985 -0.0078539 -0.865999 152.899
-0.866025 -0 0.5 -0.127866
0 0 0 1
-0.00392695 0.999969 -0.00680168 23.8812
-0.499985 -0.0078539 -0.865999 155.426
-0.866025 -0 0.5 -0.132866
0 0 0 1
-0.00392695 0.999969 -0.00680168 23.8829
-0.499985 -0.0078539 -0.865999 157.841
-0.866025 -0 0.5 -0.129866
0 0 0 1
-0.00392695 0.999969 -0.00680168 23.8884
-0.499985 -0.0078539 -0.865999 160.349
-0.866025 -0 0.5 -0.137866
0 0 0 1
-0.00392695 0.999969 -0.00680168 23.9549
-0.499985 -0.0078539 -0.865999 162.882
-0.866025 -0 0.5 -0.146866
0 0 0 1
-0.00393882 0.999969 -0.00679481 24.0032
-0.501495 -0.0078539 -0.865125 165.356
-0.865151 4.33681e-19 0.501511 -0.143866
0 0 0 1
-0.00393882 0.999969 -0.00679481 23.9538
-0.501495 -0.0078539 -0.865125 167.865
-0.865151 4.33681e-19 0.501511 -0.147866
0 0 0 1
-0.00393882 0.999969 -0.00679481 24.0302
-0.501495 -0.0078539 -0.865125 170.324
-0.865151 4.33681e-19 0.501511 -0.162866
0 0 0 1
-0.00393882 0.999969 -0.00679481 24.074
-0.501495 -0.0078539 -0.865125 172.729
-0.865151 4.33681e-19 0.501511 -0.139866
0 0 0 1
-0.00393882 0.999969 -0.00679481 24.0815
-0.501495 -0.0078539 -0.865125 175.294
-0.865151 4.33681e-19 0.501511 -0.116866
0 0 0 1
-0.00393882 0.999969 -0.00679481 24.134
-0.501495 -0.0078539 -0.865125 177.708
-0.865151 4.33681e-19 0.501511 -0.140866
0 0 0 1
-0.00393882 0.999969 -0.00679481 24.1553
-0.501495 -0.0078539 -0.865125 179.237
-0.865151 4.33681e-19 0.501511 -0.184866
0 0 0 1
-0.00393882 0.999969 -0.00679481 25.2267
-0.501495 -0.0078539 -0.865125 178.634
-0.865151 4.33681e-19 0.501511 -0.146866
0 0 0 1
-0.00392695 0.999969 -0.00680168 27.9384
-0.499985 -0.0078539 -0.865999 177.301
-0.866025 -0 0.5 -0.142866
0 0 0 1
-0.00393882 0.999969 -0.00679481 30.3131
-0.501495 -0.0078539 -0.865125 176.368
-0.865151 4.33681e-19 0.501511 -0.124866
0 0 0 1
-0.00392695 0.999969 -0.00680168 32.5439
-0.499985 -0.0078539 -0.865999 175.523
-0.866025 -0 0.5 -0.141866
0 0 0 1
-0.00392695 0.999969 -0.00680168 34.7876
-0.499985 -0.0078539 -0.865999 174.588
-0.866025 -0 0.5 -0.141866
0 0 0 1
-0.00393882 0.999969 -0.00679481 36.4332
-0.501495 -0.0078539 -0.865125 173.993
-0.865151 4.33681e-19 0.501511 -0.131866
0 0 0 1
-0.00393882 0.999969 -0.00679481 36.2351
-0.501495 -0.0078539 -0.865125 172.763
-0.865151 4.33681e-19 0.501511 -0.116866
0 0 0 1
-0.00392695 0.999969 -0.00680168 35.9657
-0.499985 -0.0078539 -0.865999 170.107
-0.866025 -0 0.5 -0.128866
0 0 0 1
-0.00392695 0.999969 -0.00680168 36.0038
-0.499985 -0.0078539 -0.865999 167.603
-0.866025 -0 0.5 -0.159866
0 0 0 1
-0.00393882 0.999969 -0.00679481 35.9432
-0.501495 -0.0078539 -0.865125 165.06
-0.865151 4.33681e-19 0.501511 -0.172866
0 0 0 1
-0.00392695 0.999969 -0.00680168 35.766
-0.499985 -0.0078539 -0.865999 162.661
-0.866025 -0 0.5 -0.162866
0 0 0 1
-0.00393882 0.999969 -0.00679481 35.7087
-0.501495 -0.0078539 -0.865125 160.272
-0.865151 4.33681e-19 0.501511 -0.157866
0 0 0 1
-0.00392695 0.999969 -0.00680168 35.8875
-0.499985 -0.0078539 -0.865999 157.728
-0.866025 -0 0.5 -0.151866
0 0 0 1
-0.00392695 0.999969 -0.00680168 35.8042
-0.499985 -0.0078539 -0.865999 155.036
-0.866025 -0 0.5 -0.172866
0 0 0 1
-0.00392695 0.999969 -0.00680168 35.7483
-0.499985 -0.0078539 -0.865999 152.501
-0.866025 -0 0.5 -0.150866
0 0 0 1
-0.00393882 0.999969 -0.00679481 35.6756
-0.501495 -0.0078539 -0.865125 150.113
-0.865151 4.33681e-19 0.501511 -0.151866
0 0 0 1
-0.00392695 0.999969 -0.00680168 35.7506
-0.499985 -0.0078539 -0.865999 147.591
-0.866025 -0 0.5 -0.118866
0 0 0 1
-0.00393882 0.999969 -0.00679481 35.6993
-0.501495 -0.0078539 -0.865125 145.117
-0.865151 4.33681e-19 0.501511 -0.153866
0 0 0 1
-0.00393882 0.999969 -0.00679481 35.6793
-0.501495 -0.0078539 -0.865125 143.8
-0.865151 4.33681e-19 0.501511 -0.165866
0 0 0 1
-0.00392695 0.999969 -0.00680168 35.637
-0.499985 -0.0078539 -0.865999 142.622
-0.866025 -0 0.5 -0.163866
0 0 0 1
-0.00392695 0.999969 -0.00680168 35.6528
-0.499985 -0.0078539 -0.865999 140.071
-0.866025 -0 0.5 -0.161866
0 0 0 1
-0.00392695 0.999969 -0.00680168 35.516
-0.499985 -0.0078539 -0.865999 137.499
-0.866025 -0 0.5 -0.154866
0 0 0 1
-0.00393882 0.999969 -0.00679481 35.5936
-0.501495 -0.0078539 -0.865125 134.941
-0.865151 4.33681e-19 0.501511 -0.174866
0 0 0 1
-0.00393882 0.999969 -0.00679481 35.5524
-0.501495 -0.0078539 -0.865125 132.412
-0.865151 4.33681e-19 0.501511 -0.168866
0 0 0 1
-0.00393882 0.999969 -0.00679481 35.5121
-0.501495 -0.0078539 -0.865125 130.021
-0.865151 4.33681e-19 0.501511 -0.158866
0 0 0 1
-0.00393882 0.999969 -0.00679481 35.4851
-0.501495 -0.0078539 -0.865125 127.748
-0.865151 4.33681e-19 0.501511 -0.166866
0 0 0 1
-0.00393882 0.999969 -0.00679481 35.4377
-0.501495 -0.0078539 -0.865125 125.056
-0.865151 4.33681e-19 0.501511 -0.172866
0 0 0 1
-0.00393882 0.999969 -0.00679481 35.3986
-0.501495 -0.0078539 -0.865125 122.694
-0.865151 4.33681e-19 0.501511 -0.160866
0 0 0 1
-0.00393882 0.999969 -0.00679481 35.3148
-0.501495 -0.0078539 -0.865125 120.194
-0.865151 4.33681e-19 0.501511 -0.151866
0 0 0 1
-0.00393882 0.999969 -0.00679481 35.3149
-0.501495 -0.0078539 -0.865125 117.642
-0.865151 4.33681e-19 0.501511 -0.175866
0 0 0 1
-0.00392695 0.999969 -0.00680168 35.2264
-0.499985 -0.0078539 -0.865999 115.256
-0.866025 -0 0.5 -0.164866
0 0 0 1
-0.00393882 0.999969 -0.00679481 35.1901
-0.501495 -0.0078539 -0.865125 112.82
-0.865151 4.33681e-19 0.501511 -0.134866
0 0 0 1
-0.00393882 0.999969 -0.00679481 35.1875
-0.501495 -0.0078539 -0.865125 110.268
-0.865151 4.33681e-19 0.501511 -0.139866
0 0 0 1
-0.00393882 0.999969 -0.00679481 35.1946
-0.501495 -0.0078539 -0.865125 107.702
-0.865151 4.33681e-19 0.501511 -0.155866
0 0 0 1
-0.00393882 0.999969 -0.00679481 35.1339
-0.501495 -0.0078539 -0.865125 105.271
-0.865151 4.33681e-19 0.501511 -0.142866
0 0 0 1
-0.00392695 0.999969 -0.00680168 35.0868
-0.499985 -0.0078539 -0.865999 102.811
-0.866025 -0 0.5 -0.165866
0 0 0 1
-0.00392695 0.999969 -0.00680168 35.0151
-0.499985 -0.0078539 -0.865999 100.332
-0.866025 -0 0.5 -0.163866
0 0 0 1
-0.00393882 0.999969 -0.00679481 34.973
-0.501495 -0.0078539 -0.865125 97.8792
-0.865151 4.33681e-19 0.501511 -0.167866
0 0 0 1
-0.00392695 0.999969 -0.00680168 34.9175
-0.499985 -0.0078539 -0.865999 95.3947
-0.866025 -0 0.5 -0.153866
0 0 0 1
-0.00392695 0.999969 -0.00680168 34.8317
-0.499985 -0.0078539 -0.865999 93.6677
-0.866025 -0 0.5 -0.133866
0 0 0 1
-0.00393882 0.999969 -0.00679481 34.829
-0.501495 -0.0078539 -0.865125 92.5139
-0.865151 4.33681e-19 0.501511 -0.149866
0 0 0 1
-0.00392695 0.999969 -0.00680168 34.8537
-0.499985 -0.0078539 -0.865999 89.9846
-0.866025 -0 0.5 -0.139866
0 0 0 1
-0.00392695 0.999969 -0.00680168 34.8333
-0.499985 -0.0078539 -0.865999 87.329
-0.866025 -0 0.5 -0.146866
0 0 0 1
-0.00393882 0.999969 -0.00679481 34.8646
-0.501495 -0.0078539 -0.865125 84.9473
-0.865151 4.33681e-19 0.501511 -0.144866
0 0 0 1
-0.00392695 0.999969 -0.00680168 34.9598
-0.499985 -0.0078539 -0.865999 82.4124
-0.866025 -0 0.5 -0.156866
0 0 0 1
-0.00393882 0.999969 -0.00679481 34.9305
-0.501495 -0.0078539 -0.865125 80.0474
-0.865151 4.33681e-19 0.501511 -0.167866
0 0 0 1
-0.00392695 0.999969 -0.00680168 34.7173
-0.499985 -0.0078539 -0.865999 77.4465
-0.866025 -0 0.5 -0.129866
0 0 0 1
-0.00392695 0.999969 -0.00680168 34.6887
-0.499985 -0.0078539 -0.865999 74.9949
-0.866025 -0 0.5 -0.139866
0 0 0 1
-0.00393882 0.999969 -0.00679481 34.6767
-0.501495 -0.0078539 -0.865125 72.5256
-0.865151 4.33681e-19 0.501511 -0.145866
0 0 0 1
-0.00393882 0.999969 -0.00679481 34.6206
-0.501495 -0.0078539 -0.865125 69.9742
-0.865151 4.33681e-19 0.501511 -0.197866
0 0 0 1
-0.00393882 0.999969 -0.00679481 34.6198
-0.501495 -0.0078539 -0.865125 67.5577
-0.865151 4.33681e-19 0.501511 -0.202866
0 0 0 1
-0.00393882 0.999969 -0.00679481 34.5494
-0.501495 -0.0078539 -0.865125 65.1592
-0.865151 4.33681e-19 0.501511 -0.169866
0 0 0 1
-0.00392695 0.999969 -0.00680168 34.4809
-0.499985 -0.0078539 -0.865999 63.752
-0.866025 -0 0.5 -0.145866
0 0 0 1
-0.00393882 0.999969 -0.00679481 34.9688
-0.501495 -0.0078539 -0.865125 64.8156
-0.865151 4.33681e-19 0.501511 -0.123866
0 0 0 1
-0.00393882 0.999969 -0.00679481 36.4103
-0.501495 -0.0078539 -0.865125 67.5032
-0.865151 4.33681e-19 0.501511 -0.137866
0 0 0 1
-0.00392695 0.999969 -0.00680168 37.5809
-0.499985 -0.0078539 -0.865999 69.71
-0.866025 -0 0.5 -0.144866
0 0 0 1
-0.00393882 0.999969 -0.00679481 38.805
-0.501495 -0.0078539 -0.865125 71.9521
-0.865151 4.33681e-19 0.501511 -0.170866
0 0 0 1
-0.00393882 0.999969 -0.00679481 39.8814
-0.501495 -0.0078539 -0.865125 74.0176
-0.865151 4.33681e-19 0.501511 -0.144866
0 0 0 1
-0.00392695 0.999969 -0.00680168 40.8721
-0.499985 -0.0078539 -0.865999 76.1413
-0.866025 -0 0.5 -0.152866
0 0 0 1
-0.00393882 0.999969 -0.00679481 42.0193
-0.501495 -0.0078539 -0.865125 78.3875
-0.865151 4.33681e-19 0.501511 -0.154866
0 0 0 1
-0.00392695 0.999969 -0.00680168 43.1574
-0.499985 -0.0078539 -0.865999 80.6954
-0.866025 -0 0.5 -0.152866
0 0 0 1
-0.00392695 0.999969 -0.00680168 44.3848
-0.499985 -0.0078539 -0.865999 82.9032
-0.866025 -0 0.5 -0.161866
0 0 0 1
-0.00392695 0.999969 -0.00680168 45.5717
-0.499985 -0.0078539 -0.865999 85.025
-0.866025 -0 0.5 -0.162866
0 0 0 1
-0.00392695 0.999969 -0.00680168 46.74
-0.499985 -0.0078539 -0.865999 87.3378
-0.866025 -0 0.5 -0.161866
0 0 0 1
-0.00393882 0.999969 -0.00679481 47.0089
-0.501495 -0.0078539 -0.865125 87.8323
-0.865151 4.33681e-19 0.501511 -0.156866
0 0 0 1
-0.00392695 0.999969 -0.00680168 46.9821
-0.499985 -0.0078539 -0.865999 89.028
-0.866025 -0 0.5 -0.143866
0 0 0 1
-0.00393882 0.999969 -0.00679481 46.8751
-0.501495 -0.0078539 -0.865125 91.604
-0.865151 4.33681e-19 0.501511 -0.143866
0 0 0 1
-0.00393882 0.999969 -0.00679481 46.934
-0.501495 -0.0078539 -0.865125 94.2313
-0.865151 4.33681e-19 0.501511 -0.152866
0 0 0 1
-0.00393882 0.999969 -0.00679481 47.016
-0.501495 -0.0078539 -0.865125 96.6794
-0.865151 4.33681e-19 0.501511 -0.150866
0 0 0 1
-0.00392695 0.999969 -0.00680168 47.0436
-0.499985 -0.0078539 -0.865999 99.1391
-0.866025 -0 0.5 -0.135866
0 0 0 1
-0.00393882 0.999969 -0.00679481 47.0575
-0.501495 -0.0078539 -0.865125 101.617
-0.865151 4.33681e-19 0.501511 -0.120866
0 0 0 1
-0.00392695 0.999969 -0.00680168 47.0412
-0.499985 -0.0078539 -0.865999 104.068
-0.866025 -0 0.5 -0.161866
0 0 0 1
-0.00392695 0.999969 -0.00680168 47.0563
-0.499985 -0.0078539 -0.865999 106.481
-0.866025 -0 0.5 -0.161866
0 0 0 1
-0.00392695 0.999969 -0.00680168 47.0817
-0.499985 -0.0078539 -0.865999 108.943
-0.866025 -0 0.5 -0.137866
0 0 0 1
-0.00392695 0.999969 -0.00680168 47.1407
-0.499985 -0.0078539 -0.865999 111.417
-0.866025 -0 0.5 -0.158866
0 0 0 1
-0.00392695 0.999969 -0.00680168 47.1936
-0.499985 -0.0078539 -0.865999 113.877
-0.866025 -0 0.5 -0.160866
0 0 0 1
-0.00393882 0.999969 -0.00679481 47.2548
-0.501495 -0.0078539 -0.865125 116.403
-0.865151 4.33681e-19 0.501511 -0.150866
0 0 0 1
-0.00392695 0.999969 -0.00680168 47.2862
-0.499985 -0.0078539 -0.865999 117.751
-0.866025 -0 0.5 -0.161866
0 0 0 1
-0.00392695 0.999969 -0.00680168 47.3044
-0.499985 -0.0078539 -0.865999 118.891
-0.866025 -0 0.5 -0.152866
0 0 0 1
-0.00392695 0.999969 -0.00680168 47.3199
-0.499985 -0.0078539 -0.865999 121.401
-0.866025 -0 0.5 -0.153866
0 0 0 1
-0.00393882 0.999969 -0.00679481 47.3849
-0.501495 -0.0078539 -0.865125 123.918
-0.865151 4.33681e-19 0.501511 -0.145866
0 0 0 1
-0.00392695 0.999969 -0.00680168 47.408
-0.499985 -0.0078539 -0.865999 126.409
-0.866025 -0 0.5 -0.142866
0 0 0 1
-0.00392695 0.999969 -0.00680168 47.4187
-0.499985 -0.0078539 -0.865999 128.916
-0.866025 -0 0.5 -0.155866
0 0 0 1
-0.00393882 0.999969 -0.00679481 47.447
-0.501495 -0.0078539 -0.865125 131.384
-0.865151 4.33681e-19 0.501511 -0.135866
0 0 0 1
-0.00393882 0.999969 -0.00679481 47.4939
-0.501495 -0.0078539 -0.865125 134.03
-0.865151 4.33681e-19 0.501511 -0.151866
0 0 0 1
-0.00392695 0.999969 -0.00680168 47.547
-0.499985 -0.0078539 -0.865999 136.443
-0.866025 -0 0.5 -0.147866
0 0 0 1
-0.00392695 0.999969 -0.00680168 47.5478
-0.499985 -0.0078539 -0.865999 138.911
-0.866025 -0 0.5 -0.162866
0 0 0 1
-0.00393882 0.999969 -0.00679481 47.5894
-0.501495 -0.0078539 -0.865125 139.931
-0.865151 4.33681e-19 0.501511 -0.196866
0 0 0 1
