0.00130897 0.999997 0.0022672 -12.6006
-0.499998 0.00261794 -0.866022 128.558
-0.866025 0 0.5 -0.169866
0 0 0 1
0.00130897 0.999997 0.0022672 -12.7152
-0.499998 0.00261794 -0.866022 126.53
-0.866025 0 0.5 -0.169866
0 0 0 1
0.00130897 0.999997 0.0022672 -12.7821
-0.499998 0.00261794 -0.866022 123.803
-0.866025 0 0.5 -0.179866
0 0 0 1
0.00130897 0.999997 0.0022672 -12.8007
-0.499998 0.00261794 -0.866022 121.292
-0.866025 0 0.5 -0.190866
0 0 0 1
0.00130897 0.999997 0.0022672 -12.8052
-0.499998 0.00261794 -0.866022 118.869
-0.866025 0 0.5 -0.164866
0 0 0 1
0.00130897 0.999997 0.0022672 -12.785
-0.499998 0.00261794 -0.866022 116.654
-0.866025 0 0.5 -0.174866
0 0 0 1
0.00130897 0.999997 0.0022672 -12.7163
-0.499998 0.00261794 -0.866022 114.189
-0.866025 0 0.5 -0.178866
0 0 0 1
0.00130897 0.999997 0.0022672 -12.6946
-0.499998 0.00261794 -0.866022 111.641
-0.866025 0 0.5 -0.189866
0 0 0 1
0.00131292 0.999997 0.00226491 -12.8097
-0.501509 0.00261794 -0.865148 109.105
-0.865151 0 0.501511 -0.194866
0 0 0 1
0.00131292 0.999997 0.00226491 -12.966
-0.501509 0.00261794 -0.865148 106.544
-0.865151 0 0.501511 -0.246866
0 0 0 1